1 1.74149 2.40165 1.44802 10 44 9
2 1.844 3.90016 1.82236 6 16 10
3 1.9075 4.71423 1.61928 10 24 13
4 3.47666 5.34332 1.57866 12 82 18
5 5.21098 4.29766 1.67573 9 38 29
6 6.30137 3.99307 1.42308 13 56 32
7 4.9119 4.12181 1.6549 6 22 9
8 1.45984 4.00607 1.54833 9 48 34
9 3.57811 5.65801 1.76108 8 34 25
10 5.53565 7.70577 2.04362 7 26 22
11 1.81161 5.03665 1.77646 8 42 28
12 3.05747 3.20132 1.66435 9 38 30
13 4.24289 4.32363 1.87293 9 42 34
14 5.71074 5.13207 1.75846 11 62 39
15 4.90634 6.96025 1.73805 14 84 32
16 4.89591 2.30045 1.49959 16 118 62
17 4.27603 3.37759 1.43527 12 56 26
18 4.16499 5.713 1.87082 10 60 37
19 1.62908 5.49099 1.70058 9 34 29
20 4.28672 3.90916 1.51933 11 68 39
21 1.24232 4.37722 1.54137 10 56 41
22 7.06012 2.39402 1.63536 13 92 40
23 6.74105 1.36505 1.4234 11 52 99
